3411.36,6059.36,NA,37,Mapk8ip3
3468.24,5991,NA,37,Ntrk3
3550.48,5907.84,NA,37,Otub1
3500.36,6018.16,NA,37,Eif5b
3321.24,5782.56,NA,37,Napa
3320.6,5690.72,NA,37,Macf1
3397.92,5955.8,NA,37,Kif5a
3322.48,5696.6,NA,37,Kif5a
3439.36,6039.52,NA,37,Kif5a
3402.52,6079.6,NA,37,Kif5a
3408.4,5924.48,NA,37,Ndufs1
3749.68,5657.24,NA,37,Scamp5
3309.76,5699.32,NA,37,Rbfox2
3487.32,5942.08,NA,37,Scamp1
3514.52,5932.76,NA,37,Prrc2b
3496.04,5879.28,NA,37,Dnajc7
3583.8,5839.76,NA,37,R3hdm4
3497.64,5870.8,NA,37,R3hdm4
3384.72,5874.84,NA,37,Dlgap4
3433.32,5950.96,NA,37,Dlgap4
3511.12,5989.88,NA,37,Cttn
3531.96,5959.96,NA,37,Pcnp
3527,5861.12,NA,37,Ankrd17
3346.48,5974.52,NA,37,Kif3c
3315.36,5661.64,NA,37,Kif3c
3437,6028.72,NA,37,Kif3c
3549.68,5910.32,NA,37,Glg1
3436.84,5892.08,NA,37,Glg1
3524.68,5862.84,NA,37,Glg1
3556.72,5943.48,NA,37,Ubxn4
3509.96,5886.84,NA,37,Hnrnph2
3553.92,5956.32,NA,37,Pdia6
3340.6,5715.36,NA,37,Pdia6
3447.72,5965.28,NA,37,Fam49b
3517.84,6038.32,NA,37,Caln1
3339.56,5743.08,NA,37,Scg3
3494.88,5927.92,NA,37,Scg3
3475.16,5871.56,NA,37,Scg3
3342.32,5745.6,NA,37,Scg3
3514.8,5922.44,NA,37,Scg3
3463.16,5952.24,NA,37,Prkaca
3324.84,5750.4,NA,37,Fam81a
3467.76,5935.56,NA,37,Wbp4
3550.36,5896.56,NA,37,Nr3c1
3476.28,6020.48,NA,37,Sltm
3336.84,5715.2,NA,37,Dlg3
3628.76,5753.92,NA,37,Ildr2
3481,6010.96,NA,37,Mprip
3585.2,5948.2,NA,37,Mprip
3494.32,5943.44,NA,37,Mprip
3515.8,5864.84,NA,37,Chchd10
3545.32,5934.16,NA,37,Tef
3339.8,5760.84,NA,37,Tef
3468.24,5985.72,NA,37,Sdf2
3510.6,5890.72,NA,37,Sdf2
3414.44,5896.52,NA,37,Gps1
3497.16,5876.6,NA,37,Sec14l1
3374.72,5868.56,NA,37,Arhgap21
3487.92,5921.12,NA,37,Cap1
3514.96,5944,NA,37,Cap1
3474.84,5976.4,NA,37,Ddb1
3431.88,6006.96,NA,37,Cpd
3429.96,5992.6,NA,37,Elmo2
3301.32,5722.04,NA,37,Psmd8
3346.76,5698.8,NA,37,Bet1l
3340.52,5748.84,NA,37,Ajap1
3492.24,5906.48,NA,37,Ccar1
3437.24,6019.68,NA,37,Tmco1
3386.6,5977.4,NA,37,Eif4g1
3432.24,5942.84,NA,37,Lmbrd1
3518.44,5861.92,NA,37,Man2a2
3627.92,5753.76,NA,37,Cpeb1
3450.52,5956.88,NA,37,Dcaf12l1
3402.8,5898.36,NA,37,Commd8
3390.24,5971.8,NA,37,Naa35
3500,5976.12,NA,37,Mgrn1
3607.68,5788.24,NA,37,Slc38a2
3552.12,5944.2,NA,37,Ccdc25
3290.6,5662.28,NA,37,Snrnp70
3520.08,6008.36,NA,37,Sumo3
3409.52,5884.6,NA,37,Smu1
3319.52,5740.32,NA,37,Nr2f1
3575.96,5836.12,NA,37,Nr2f1
3300.88,5674.2,NA,37,Nr2f1
3469.16,5985.92,NA,37,Ppp1cc
3317.2,5716.64,NA,37,Ppp1cc
3430.16,5937.64,NA,37,Ppp1cc
3506.88,5872.92,NA,37,Kcnn2
3492.32,6009.28,NA,37,Ano3
3542.44,5966.48,NA,37,Ano3
3334.76,5643.56,NA,37,Actr1a
3484.84,5890.84,NA,37,Mtmr6
3393.96,5898.32,NA,37,Slc48a1
3467.44,5940.8,NA,37,Slc48a1
3498.48,6014.72,NA,37,Smap2
3470.88,5954.68,NA,37,Map3k12
3429,6344.88,NA,45,Reep2
3264.08,5662.96,NA,37,Lix1
3336.72,5658.24,NA,37,Lix1
3502.2,6019.64,NA,37,Kcnv1
3495.8,5938.48,NA,37,Nf2
3566.72,5918.52,NA,37,Nf2
3519.8,5950.68,NA,37,Pnma2
3519.4,5994.16,NA,37,Actn4
3541.64,5946.28,NA,37,Kdm5a
3580.56,5981.4,NA,37,Slc25a23
3317.48,5689.88,NA,37,Slc25a23
3405.6,6061.6,NA,37,Slc25a23
3346.44,5655.2,NA,37,Dag1
3464.8,5881.32,NA,37,Dag1
3341.44,5718.16,NA,37,Pcdh7
3313,5710.6,NA,37,Pcdh7
3337,5715.72,NA,37,Nat14
3600.12,5696.12,NA,37,Vps13d
3488.16,5943.36,NA,37,Vps13d
3335.16,5664.16,NA,37,Ubxn6
3496.56,5968.28,NA,37,Ubxn6
3603.52,5864.8,NA,37,Slu7
3436.32,5922.12,NA,37,Ppm1a
3379.16,5859.16,NA,37,Dscaml1
3325.4,5655.2,NA,37,Gpatch11
3499.56,6015.48,NA,37,Xpo1
3408.92,5917.68,NA,37,Sptbn4
3469.28,5870.24,NA,37,N4bp2l2
3518.6,5961.28,NA,37,Lars
3424.76,5999.2,NA,37,Lars
3469.08,5909.64,NA,37,Rab11fip3
3609.04,5810.92,NA,37,Hnrnpd
3482.44,6001.12,NA,37,Golga2
3498.24,5990.88,NA,37,Ifngr2
3494.32,5914.72,NA,37,Upf3b
3498.64,5881.04,NA,37,Vps26b
3557.64,5855.48,NA,37,Vps26b
3480.72,5915.04,NA,37,Vps26b
3364.76,5682.76,NA,37,Snx32
3484.68,5921.48,NA,37,Megf8
3508.96,5993.84,NA,37,Gas6
3425.44,5973.44,NA,37,Atxn7l3
3332.32,5660.64,NA,37,Csmd3
3309.6,5672.6,NA,37,Senp2
3520,6005.68,NA,37,Sirt3
3313.16,5669.56,NA,37,Usp47
3607.2,5814,NA,37,Ptdss1
3328.92,5782.68,NA,37,Cntnap1
3524,5945.4,NA,37,Cntnap1
3306.24,5667.44,NA,37,Sec63
3359.36,5978.4,NA,37,Tulp4
3491.84,6010.68,NA,37,Sqle
3552.6,6027.6,NA,37,Atp1b3
3544.76,5949.24,NA,37,Dnm3
3522.64,6015.96,NA,37,Pkp2
3480,6019.96,NA,37,Katnal1
3388.68,5903.52,NA,37,Calu
3426.84,5956.44,NA,37,Calu
3326.88,5722.52,NA,37,Hspa2
3466.52,5987.08,NA,37,Ctr9
3435.32,5966.44,NA,37,Btbd3
3460.64,5896.76,NA,37,Fzr1
3365.08,5680.36,NA,37,Sgcb
3492.76,5876.76,NA,37,Tspyl5
3739.44,5700.08,NA,37,Poldip3
3315.68,5635.32,NA,37,Bag6
3607.36,5803.24,NA,37,Gopc
3562.8,5944.32,NA,37,Sptb
3469.92,5974.68,NA,37,Cnnm1
3600.96,5809.48,NA,37,Preb
3467.2,5958.32,NA,37,Sec61a1
3438.28,5908.64,NA,37,Etv5
3591.04,5931.76,NA,37,Etv5
3519,6001.92,NA,37,Parm1
3453.88,6003.68,NA,37,Parm1
3344.8,5665.4,NA,37,Ehmt2
3339.84,5806.36,NA,37,Rprd2
3402.44,6030.12,NA,37,Atp11b
3610.92,5815.56,NA,37,Dbnl
3461.32,5999.28,NA,37,Dbnl
3438.12,5693.08,NA,37,Ift172
3460.08,5874.72,NA,37,Trappc12
3418.12,5895.2,NA,37,Pepd
3346.64,5700.2,NA,37,Grm7
3563.52,5919.16,NA,37,Grm7
3309.56,5682.76,NA,37,Grn
3648.52,5983.28,NA,37,Acvr1
3470.12,5927.88,NA,37,Lrrc49
3370.56,5840.12,NA,37,Fmn2
3329.28,5780.28,NA,37,Bbx
3473.84,5965.56,NA,37,Syt17
3300.16,5667.4,NA,37,Sidt2
3553.64,5947.28,NA,37,Sidt2
3496.76,5914.92,NA,37,Tbc1d15
3609.24,5818.16,NA,37,Npr3
3630.16,5754.16,NA,37,Acadsb
3469.08,5913.2,NA,37,Spast
3576.72,5951.56,NA,37,Nob1
3515.04,5877.08,NA,37,Hrk
3316.16,5738.68,NA,37,Ccdc149
3316.48,5735.44,NA,37,Pef1
3585.84,5817.24,NA,37,Pef1
3414.8,5924.72,NA,37,Mrpl37
3523.6,5952,NA,37,Exoc2
3491.96,5901.04,NA,37,Igf1r
3546.96,5997.36,NA,37,Igf1r
3425.08,5958.6,NA,37,Igf1r
3438.08,6022.56,NA,37,Igf1r
3529.76,5891.92,NA,37,Ptprz1
3529.76,6028.72,NA,37,Wrnip1
3630.52,5753.88,NA,37,Wrnip1
3432.56,6005.08,NA,37,Myh9
3515.2,5870.32,NA,37,Mctp1
3542.88,5960.16,NA,37,Faxc
3555.68,5881.76,NA,37,Ttc39c
3321.28,5659.2,NA,37,Nucb1
3403.56,5889.28,NA,37,Srebf2
3455.32,5999.48,NA,37,Mdm2
3518.92,5987.44,NA,37,Rnf214
3403.8,5916.28,NA,37,Psat1
3420.12,5896.6,NA,37,Tsc22d3
3509.04,5987.56,NA,37,Tsc22d3
3539.92,5946.64,NA,37,Tsc22d3
3488.04,5892.16,NA,37,Tsc22d3
3315.48,5653.96,NA,37,Dda1
3518.88,5887.72,NA,37,Pitpnm1
3370.28,5675.6,NA,37,Ranbp3
3324.76,5694.44,NA,37,Htr1a
3476.44,6010.72,NA,37,Ino80d
3488.24,5869.28,NA,37,Ddx41
3551.76,5946.76,NA,37,Gng7
3536.16,5880.44,NA,37,Vps11
3535,5967.8,NA,37,Sema7a
3545.44,5898,NA,37,Urgcp
3507.96,5880.2,NA,37,Cox10
3334.36,5719.6,NA,37,Sec22a
3602.04,5805.12,NA,37,Sec22a
3629.68,5754.48,NA,37,Eml2
3471.96,5953.76,NA,37,Ampd2
3353.84,5680.64,NA,37,Cotl1
3487.8,5943.8,NA,37,Plat
3569.76,5942.56,NA,37,Lasp1
3314.8,5695.84,NA,37,Enah
3610.48,5816.92,NA,37,Itga4
3527.2,5891.68,NA,37,Ncln
3403.4,6077.68,NA,37,Vcl
3497.16,5958.64,NA,37,Vcl
3489.6,5952.8,NA,37,Rc3h1
3380.8,5853.36,NA,37,Usp24
3406,5887.64,NA,37,Usp24
3531.88,5893.8,NA,37,Wdr11
3470,5938.96,NA,37,Acvr2a
3385.44,5850.36,NA,37,Txlna
3417.28,6026,NA,37,Map1s
3559.68,5938.4,NA,37,Sgsm2
3289.2,5679.08,NA,37,Pygb
3508.24,5858.48,NA,37,Pygb
3315.52,5719.36,NA,37,Atxn7
3615.8,5643.2,NA,37,Rbm10
3535.04,6033.6,NA,37,Leprot
3585.96,5865.32,NA,37,Satb1
3614.28,5644.52,NA,37,Ftsj3
3510.16,5939.04,NA,37,Arhgef26
3519.56,5875.48,NA,37,Chst11
3607.48,5807.96,NA,37,Phf12
3468.28,6027.88,NA,37,Phf12
3456.64,5968.2,NA,37,Csmd2
3466.28,5972.96,NA,37,Myo6
3460.2,5971.04,NA,37,Myo6
3541.16,6017.08,NA,37,Cdc42bpb
3461.2,5906.2,NA,37,Cdc42bpb
3343.68,5831.68,NA,37,Mars
3308.64,5673,NA,37,Uspl1
3433.8,5696.12,NA,37,Dus1l
3460.96,6002.84,NA,37,Neurl1b
3343.08,5663.48,NA,37,Sema4a
3495.28,5951.88,NA,37,Parg
3513.04,5863.48,NA,37,Parg
3371.52,5860.28,NA,37,Hdac6
3440.28,5870.72,NA,37,Slc25a39
3407.76,6029.64,NA,37,Slc25a39
3465.8,5996.2,NA,37,Synj2
3492.56,5997.48,NA,37,Fam110b
3602.32,5867.96,NA,37,Fam110b
3519.24,6010.8,NA,37,Amer2
3338.88,5762.84,NA,37,Ets2
3634.6,5755.12,NA,37,Ets2
3432.4,5954.88,NA,37,Ercc3
3501.36,6016.36,NA,37,Vprbp
3610.12,5817.16,NA,37,Etfdh
3465.28,5888.96,NA,37,Flnb
3605.32,5815.08,NA,37,Flnb
3436.92,5992.08,NA,37,Nhsl1
3495,5878,NA,37,Grm3
3516.36,5990.44,NA,37,Slc4a1ap
3485.28,6000.44,NA,37,Csnk1g2
3529.96,6019.8,NA,37,Fam43b
3542.6,5948.48,NA,37,Gosr1
3580.52,5946.28,NA,37,Inpp5a
3461.32,5951.28,NA,37,Lhpp
3317.08,5689.52,NA,37,Slc1a4
3519.6,5989.96,NA,37,Ascc3
3400.36,5634.2,NA,37,Zdhhc5
3462.96,5954.36,NA,37,Zdhhc5
3501.96,5710.48,NA,37,Fbxl6
3570.64,5922.2,NA,37,Elovl5
3433.8,5800.84,NA,37,Elovl5
3314.32,5674.04,NA,37,Anapc7
3434.68,5992.2,NA,37,Vtn
3546.2,5840.88,NA,37,Vtn
3473.76,5927.84,NA,37,Vtn
3402.52,5902.12,NA,37,Vtn
3466.52,5969.52,NA,37,Vtn
3553.44,5868.64,NA,37,Vtn
3463,5949.2,NA,37,Vtn
3471.8,5965.6,NA,37,Prkar2a
3483.2,5900,NA,37,Prkar2a
3519.4,5866.6,NA,37,Slc6a1
3551.52,5861.6,NA,37,Cog3
3489.36,5945.44,NA,37,Jdp2
3445.76,5902.76,NA,37,Slc20a2
3446.64,5920.76,NA,37,Slc20a2
3512.84,5925,NA,37,Usp37
3374.12,5850.84,NA,37,Ntsr2
3288.32,5672.24,NA,37,Ntsr2
3458.24,5903.2,NA,37,Ntsr2
3345.24,5699.2,NA,37,Ntsr2
3421.96,6001.24,NA,37,Col4a2
3507.6,5994.68,NA,37,Col4a2
3426.96,5950.68,NA,37,Col4a2
3503.56,5995.64,NA,37,Col4a2
3370.8,5837.28,NA,37,Riok1
3454.76,5962.32,NA,37,Usp39
3520.52,6012,NA,37,Ache
3355.4,5646.6,NA,37,Fads1
3519.08,5959.44,NA,37,Bckdk
3601.48,5683.64,NA,37,Pitpnc1
3428.48,5982.68,NA,37,Pitpnc1
3510,5875.28,NA,37,Inpp1
3473.68,5962.12,NA,37,Ahdc1
3522.4,6005.32,NA,37,Man1b1
3314.44,5672.64,NA,37,Rspo2
3336.64,5712.16,NA,37,Ccdc71l
3430.72,5967.68,NA,37,Ccdc71l
3459.52,5999.16,NA,37,Gcdh
3523.16,5932.48,NA,37,Chtf8
3611.28,5810.6,NA,37,Zc4h2
3422.88,5993.52,NA,37,Slc38a10
3564.96,5903.6,NA,37,Slc38a10
3535.16,5891.76,NA,37,Sirt7
3302.32,5723,NA,37,Nsdhl
3513.56,5871.28,NA,37,Ctps2
3361.16,5686.04,NA,37,Ptges2
3482.64,5917.52,NA,37,Uba6
3531.4,6023.36,NA,37,E330033b04rik
3572.12,5943.24,NA,37,Ttc27
3518.52,6014.48,NA,37,Ppp3cc
3480.84,5997.72,NA,37,Usp35
3434.04,5955,NA,37,Tor1aip1
3537.72,5948.4,NA,37,Tor1aip1
3470.8,5991.92,NA,37,Papolg
3326.68,5699.2,NA,37,Nr1d1
3569,5938.64,NA,37,Aldh6a1
3373.8,5843.16,NA,37,Aqr
3433.96,5963.04,NA,37,Gtpbp1
3436.2,6020.28,NA,37,Usp12
3439.6,5991.24,NA,37,Usp12
3545.6,5863.64,NA,37,Ext2
3605.36,5809.88,NA,37,Pcca
3430.92,6000.44,NA,37,Stk11
3461.04,5990.88,NA,37,Ddit4l
3455.36,6024.96,NA,37,Aco1
3439.24,5873.48,NA,37,Aco1
3505.88,5876.88,NA,37,Ip6k2
3559.08,5960.8,NA,37,Serac1
3507.16,6002.8,NA,37,Klf4
3598.2,5864.2,NA,37,Mn1
3471.84,5991.08,NA,37,Tpra1
3475.76,5975.04,NA,37,Cyb561d1
3516.96,5985.68,NA,37,Slc15a4
3521.2,5860.2,NA,37,Tsen2
3477.32,5912.8,NA,37,Heatr1
3722.4,5717.64,NA,37,Pcyox1l
3335.48,5718.64,NA,37,Ell2
3421.16,5983.64,NA,37,Chrnb2
3627.48,5750.6,NA,37,Kdm6b
3474.96,5914.04,NA,37,Arsa
3564.08,5939.72,NA,37,Csgalnact1
3458.72,6024.84,NA,37,Ltbp4
3560.32,6001.2,NA,37,Ltbp4
3499.8,6014.16,NA,37,Ltbp4
3528.28,6018.76,NA,37,Ltbp4
3484.28,5942,NA,37,Slc39a13
3436.32,5983.08,NA,37,Ltk
3603.84,5808.04,NA,37,Nab2
3402.36,6082.4,NA,37,Mid1ip1
3380.32,5862.6,NA,37,Abca8b
3455.28,5939.12,NA,37,Rnpepl1
3452.44,5815.64,NA,37,Rnpepl1
3304.88,5673,NA,37,Rnpepl1
3441.36,6003.4,NA,37,Abca1
3455.12,5964.64,NA,37,Pde1b
3746.84,5642.6,NA,37,Fbrs
3502.72,5966.48,NA,37,Crtc2
3548.72,5876.48,NA,37,Cog2
3476.04,5955.44,NA,37,Pltp
3554.72,5945.48,NA,37,Pltp
3447.84,5999.84,NA,37,Pltp
3526.36,6002.84,NA,37,Pltp
3521.84,6044.92,NA,37,Pltp
3506.2,6011.44,NA,37,Pltp
3429.32,5956.28,NA,37,Ubash3b
3417.16,5879.36,NA,37,Dhcr7
3343.44,5666.88,NA,37,Zfp36
3560.96,5937.4,NA,37,Tsc22d4
3478.56,5868.24,NA,37,Tsc22d4
3485.2,5870.04,NA,37,Tsc22d4
3531.84,5925.44,NA,37,Tsc22d4
3536.24,5872.6,NA,37,Slc35e4
3606.12,5806.32,NA,37,Myh7
3575.92,5952.72,NA,37,Cnot11
3397.28,5638.64,NA,37,Tmem115
3469.92,5940.68,NA,37,Tmem115
3508.76,5880.08,NA,37,Pacs2
3377.04,5873.32,NA,37,Pmm2
3486.64,5970.52,NA,37,Itgbl1
3541.16,5842.04,NA,37,Tmem44
3468.64,5934.56,NA,37,Sgpl1
3547.52,5965.24,NA,37,Lnpep
3476.84,5889.32,NA,37,Llgl1
3549.52,5930.08,NA,37,Zdhhc24
3531.36,6031.12,NA,37,Cc2d1b
3444.68,5888.52,NA,37,Nhlrc1
3463.88,5869.4,NA,37,Xrcc1
3560.32,5788.84,NA,37,Pogk
3609.16,5809.64,NA,37,Pogk
3508.72,5871,NA,37,Gpatch2
3546.36,5897.44,NA,37,Cald1
3368.76,5842.16,NA,37,Klhl21
3601.12,5862.92,NA,37,Ppp1r15a
3510.24,5987.68,NA,37,Hmgcll1
3331.52,6057.64,NA,37,Pcdh1
3451.56,5878.56,NA,37,Pcdh1
3416.2,5878.12,NA,37,Pcdh1
3563.52,5945.64,NA,37,Xpo5
3436.6,5965.6,NA,37,Xpo5
3483.44,5936.72,NA,37,Golph3l
3472.48,5959.36,NA,37,Kif22
3549.12,5899.76,NA,37,Kif22
3555.4,5678.24,NA,37,Trim11
3344.36,5661.8,NA,37,Rpa2
3524.48,5994.8,NA,37,Mapk7
3498.76,6011.48,NA,37,Tmem97
3314.6,5648,NA,37,Ppif
3377.36,5850.36,NA,37,Ppif
3437.04,5867.96,NA,37,Sdc4
3566.04,5844.96,NA,37,Igfbp5
3579.36,5835.96,NA,37,Slc7a5
3339.16,5747.92,NA,37,Slc7a5
3485.8,5993.56,NA,37,Slc7a5
3520.96,6015.4,NA,37,Slc7a5
3345.36,5652.64,NA,37,Adra2a
3504.76,6018.56,NA,37,Kcnab3
3476.08,5909.84,NA,37,Pard3
3504,5863.52,NA,37,Bcorl1
3495.84,5877.68,NA,37,Qpctl
3747.92,5664.16,NA,37,Arhgef1
3425.56,5911.72,NA,37,Arhgef1
3610.08,5645.24,NA,37,Arhgef1
3441.84,6035,NA,37,Arhgef1
3747.48,5641.52,NA,37,Arhgef1
3564.84,5845.04,NA,37,Doc2a
3438.84,5933.76,NA,37,Zgpat
3432.68,5929.36,NA,37,Zgpat
3464.48,5990.32,NA,37,Nckap5
3340.32,5754.96,NA,37,Nckap5
3331.84,5784.56,NA,37,Dnajc28
3464.44,5928.2,NA,37,Arvcf
3361.56,5655.12,NA,37,Tstd2
3458.16,5968.6,NA,37,Tstd2
3525.36,6031.92,NA,37,Slc16a7
3604.92,5806.32,NA,37,Zbtb6
3436.08,5990.08,NA,37,Gfra2
3472,5983.72,NA,37,Pacsin2
3465.56,6031.44,NA,37,Nlrx1
3525.32,6006.16,NA,37,Lrriq1
3385.4,5864.32,NA,37,Lrriq1
3598.76,5931.64,NA,37,Gtf3c5
3340.04,5703.08,NA,37,Rab31
3521.56,6005.28,NA,37,Dact2
3474.64,5868,NA,37,Gm9899
3469.48,5980.16,NA,37,Pde12
3467.16,5866.04,NA,37,Iglon5
3299.52,5673.28,NA,37,Trp53
3552,5881.48,NA,37,Axin2
3364.56,5978.36,NA,37,E2f6
3443.84,5965.52,NA,37,Fance
3357.44,5659.04,NA,37,G6pdx
3335.6,5714.48,NA,37,G6pdx
3506.92,6011.24,NA,37,P2rx4
3471.36,5965.08,NA,37,Egfl6
3334.76,6061.96,NA,37,Slc29a3
3609.48,5813.64,NA,37,Zfp212
3486.48,5895.04,NA,37,Paqr9
3429.52,5972.48,NA,37,Slc25a37
3405.36,5922.12,NA,37,Ilvbl
3404.68,5922.6,NA,37,Med26
3318.28,5671.56,NA,37,Nol3
3417.12,5881.28,NA,37,Tbc1d20
3518.92,5866.76,NA,37,Zfp280b
3501.16,5869.68,NA,37,Cdc42ep3
3431.72,6022.92,NA,37,Pfkfb4
3379.36,5864.8,NA,37,Gfra1
3328.68,5787.08,NA,37,Csf1r
3498.32,5871.8,NA,37,Tmbim1
3316.24,5737.2,NA,37,Slc24a4
3338.8,5644.28,NA,37,Armc5
3482.88,5917.52,NA,37,Fem1c
3302.2,5671.68,NA,37,Rab27a
3546.6,5891.8,NA,37,Sema5a
3552.36,5965.12,NA,37,Prom1
3467.16,6027.52,NA,37,Utrn
3383.6,5978.08,NA,37,Utrn
3493.64,5869.44,NA,37,Fstl4
3305,5671.68,NA,37,Itih5
3368.24,5987.16,NA,37,Itih5
3366.72,5838.2,NA,37,Srebf1
3434.84,5985.08,NA,37,Tbck
3551.48,5898.08,NA,37,Ipp
3433.48,5967.76,NA,37,Sema4c
3519,5875,NA,37,Hcn2
3554.12,5967.4,NA,37,Hcn2
3551.12,5939.88,NA,37,Hcn2
3460.72,5951.72,NA,37,Ttyh2
3566.04,6010.88,NA,37,Ttyh2
3415.32,5890,NA,37,Ttyh2
3537.68,6018.52,NA,37,Ttyh2
3329.08,5775.44,NA,37,Gjb6
3514.32,5879.72,NA,37,Gjb6
3441.12,5879.32,NA,37,Thg1l
3323.64,5685.88,NA,37,Slc7a10
3609.4,5756.04,NA,37,Slc7a10
3421.32,5881.56,NA,37,Slc7a10
3575.8,5658.44,NA,37,Zhx3
3418.4,5984.88,NA,37,Sp2
3545.4,5956.16,NA,37,Zdhhc15
3513.4,5866.68,NA,37,Dennd4c
3496.76,5951.6,NA,37,Bak1
3378.88,5868.64,NA,37,Vav3
3534.72,5898.88,NA,37,Vav3
3502.76,5880.52,NA,37,Sema4b
3554.88,5933.24,NA,37,Btbd7
3543.12,5843.24,NA,37,Slc1a6
3475.84,6024.24,NA,37,Rhbdf1
3355.96,5670.72,NA,37,Rhbdf1
3565,5943.2,NA,37,Zbed3
3604.32,5936.92,NA,37,Zbed3
3522.52,5958.08,NA,37,Zbed3
3517.96,5954.12,NA,37,Zbed3
3521.88,5998.08,NA,37,Plch1
3594.16,5931.48,NA,37,Raver1
3329.84,5656.16,NA,37,Ankrd34b
3596.92,5688.48,NA,37,Hps1
3498.48,5964.24,NA,37,Afap1l1
3524.92,6020.68,NA,37,Zfp324
3526.48,6023.76,NA,37,Map3k11
3484.6,5868.28,NA,37,Carf
3466.04,5988.88,NA,37,Myo16
3463.64,5992,NA,37,Slc2a9
3322.44,5649.52,NA,37,Hes6
3453.92,6007.04,NA,37,Hes6
3459.36,6001.6,NA,37,Phactr2
3405.16,5916.52,NA,37,Mrs2
3333.04,5773.36,NA,37,Nfil3
3342.48,6069.6,NA,37,Sesn3
3607.8,5812.64,NA,37,Sesn3
3468.52,5975.48,NA,37,Nek7
3522.68,5878.8,NA,37,Nek7
3340.32,5831.56,NA,37,Pmp22
3434.84,5929.4,NA,37,Slc26a10
3504.6,6019.32,NA,37,Frmd8
3473,5911.08,NA,37,C1qtnf6
3502.32,6016.84,NA,37,Gpt
3580.56,5920.04,NA,37,Gpt
3473.92,6014.28,NA,37,Cdc42ep2
3310.08,5718,NA,37,Slc9a5
3368.08,5840.04,NA,37,Tcf7l2
3604.24,5789.8,NA,37,Tcf7l2
3607.28,5811.48,NA,37,Anks6
3396.48,5905.76,NA,37,Kctd16
3341.04,5748.76,NA,37,Phf21b
3500.12,5953.96,NA,37,Plekha7
3597.12,5928.84,NA,37,Fam189a2
3466.64,5903.36,NA,37,Palld
3544.92,5927,NA,37,Aplf
3398.48,5634.92,NA,37,Elf1
3462.52,5875.08,NA,37,Myo19
3416.56,5978.76,NA,37,Slc22a8
3579,5835.32,NA,37,Slc22a8
3341.6,5706.36,NA,37,Blnk
3321.36,5690,NA,37,Sesn2
3504.32,5906.96,NA,37,Aldh1l1
3337.6,5720.28,NA,37,Fzd2
3490.72,5706.12,NA,37,Fzd2
3322.52,5667.56,NA,37,Gpr173
3502.04,6013.44,NA,37,Otud3
3469.88,5872.56,NA,37,Bmp3
3475.84,5869.76,NA,37,Timeless
3531.84,6022.6,NA,37,Klhl25
3557.2,5966.16,NA,37,Notch2
3464.64,5873.92,NA,37,Pdpr
3569.2,5815.64,NA,37,Rarg
3369.96,5861.64,NA,37,Phkg1
3401.12,5639.76,NA,37,Kcnj14
3540.08,5944.04,NA,37,Ppm1m
3396.84,5888.08,NA,37,Itgb5
3509,6028.72,NA,37,Akap12
3428,6030.56,NA,37,Akap12
3479.44,6012.68,NA,37,Akap12
3681.8,5711.4,NA,37,Gpam
3319.08,5670.2,NA,37,Gpam
3517.96,5865.08,NA,37,Foxp2
3342.88,5825.68,NA,37,Foxj1
3567.24,5974.64,NA,37,Pald1
3612.8,5817.2,NA,37,Pald1
3527.2,6028.68,NA,37,Pald1
3523.52,6008.6,NA,37,Styk1
3494.96,5906.24,NA,37,Tapbpl
3432.64,5993.56,NA,37,Nid1
3596.36,5936.96,NA,37,Gdf10
3534.08,5959.96,NA,37,Map3k1
3498.16,5879.36,NA,37,Col6a3
3543.24,5958.8,NA,37,Parp4
3360.08,5976.28,NA,37,Adora2b
3529.96,5908.76,NA,37,Adora2b
3523.48,5911.2,NA,37,Adora2b
3464,5860.16,NA,37,Hmcn1
3458.16,5980.36,NA,37,Sod3
3557.36,5920.44,NA,37,Sod3
3434.2,5988,NA,37,Sod3
3427.48,5921.08,NA,37,Atp10a
3339.28,5748.84,NA,37,Ankrd1
3397,5636.76,NA,37,Elk3
3442.08,5893.32,NA,37,Npas1
3608.88,5807.52,NA,37,Tmem196
3465.6,5982.04,NA,37,Tmem196
3485.52,5888.16,NA,37,Mreg
3478.44,5913.4,NA,37,Mocs1
3519.32,6037.4,NA,37,Kif7
3463.12,5998.76,NA,37,Kif7
3439.44,5869.68,NA,37,Prrx1
3555.4,5968.24,NA,37,Svil
3487,5935.6,NA,37,Hey2
3324.36,5731.6,NA,37,Gpr153
3467.36,5975.36,NA,37,Gpr153
3472.52,5978.12,NA,37,Npc1l1
3452.08,5998.96,NA,37,Rhbdd1
3492.04,5945.44,NA,37,Smtn
3559.36,5950.52,NA,37,Smtn
3609.04,5811.16,NA,37,Mybph
3556.28,5942.12,NA,37,Mmrn2
3625,5764.88,NA,37,Gli3
3510.92,5867.44,NA,37,Epha8
3476.52,5984.44,NA,37,Wdfy4
3544.08,6018.76,NA,37,Nid2
3537.84,6033.96,NA,37,Hspb6
3459.4,5921.04,NA,37,Def6
3496.88,5907.88,NA,37,Dhrs13
3430.8,5950.36,NA,37,Dhrs13
3557.04,5962.56,NA,37,Kcp
3421.56,6006.92,NA,37,Kank4
3434.68,6012.92,NA,37,B3gnt3
3434.24,6016.92,NA,37,Kntc1
3521.8,5866.44,NA,37,Kntc1
3468.84,5991.4,NA,37,Ptges
3496.36,5871.52,NA,37,Ptges
3606.6,5804.64,NA,37,B3galt4
3466.88,6018.76,NA,37,Trim21
3440.4,5882.72,NA,37,Zfp185
3465.88,5988.92,NA,37,Fyb
3527.6,6017.96,NA,37,Clec18a
3513.36,5876.8,NA,37,Gfpt2
3468.24,5866.76,NA,37,Egfr
3417.68,5880,NA,37,Tgif2
3319.16,5697.56,NA,37,Aspm
3519.12,5887.08,NA,37,Adm
3441.04,5964.08,NA,37,Adm
3495.16,5905.92,NA,37,Card6
3474.32,5872.52,NA,37,Ccdc110
3472.6,5875.16,NA,37,Gm7104
3479.48,5935.76,NA,37,Fam163a
3590.08,5943.64,NA,37,Ppp1r13l
3334.36,5655.88,NA,37,Ppp1r13l
3537.88,5844.4,NA,37,Atp8b1
3371.72,5838.4,NA,37,Myct1
3484.16,5981.24,NA,37,Mr1
3442.12,6018.24,NA,37,Ucp2
3488.84,5898.84,NA,37,Lama1
3485.32,5899.12,NA,37,Ephb4
3373.92,5859.64,NA,37,Pde7b
3466.56,6027.96,NA,37,Ect2
3493.48,5872.56,NA,37,Acan
3610.32,5941.92,NA,37,Flt4
3584.16,5950.96,NA,37,Ifih1
3382.96,5858.44,NA,37,Ifih1
3546.72,5899.56,NA,37,Ifih1
3404.2,5918.44,NA,37,Lmcd1
3337.52,5716.04,NA,37,Mamstr
3468.16,5902.2,NA,37,Tigd3
3466.04,5993.56,NA,37,Parp14
3576.36,5948.96,NA,37,Sp8
3352.24,6080.96,NA,37,Trpm1
3394.96,5882.08,NA,37,Pla2r1
3554.6,5939.6,NA,37,Gbp3
3539.6,5948.64,NA,37,Cdk2
3628.56,5752.56,NA,37,Adcy10
3545.28,5964.2,NA,37,Zc3hav1
3440.72,5868.64,NA,37,Avil
3506.92,5989.56,NA,37,Gpr55
3334.88,5714.56,NA,37,Serpind1
3433.76,5972.64,NA,37,Apobr
3454.96,6005.84,NA,37,Corin
3476.56,5975.36,NA,37,Kif18b
3537,5868.6,NA,37,Sstr5
3609.44,5644.76,NA,37,Itgb7
3551.64,6025.84,NA,37,Mdfic
3325.68,5742.64,NA,37,Ucp3
3416.28,5887.24,NA,37,Ucp3
3542.8,5840.72,NA,37,Olfml3
3558.88,5938.12,NA,37,Tas1r1
3465.4,5984.52,NA,37,Slc28a1
3520.52,5932.4,NA,37,Asic4
3438.36,6007.24,NA,37,Tec
3551.08,5926.76,NA,37,Otop3
3517.84,5863.96,NA,37,Nlrc3
3462.68,5994.12,NA,37,Ttc24
3466.96,5991.88,NA,37,Chrna2
3467.24,5945.52,NA,37,Traf3ip3
3380.84,5859.72,NA,37,Odf3l2
3461,5988.68,NA,37,Hs3st3b1
3375.76,5871.48,NA,37,Ptafr
3551.12,5956.52,NA,37,Ccdc60
3619.6,5886,NA,37,Lactbl1
3436.44,5986.72,NA,37,Capn11
3333.56,5719.16,NA,37,Pm20d1
3453.32,5964.44,NA,37,Gcm1
3517.4,5865.48,NA,37,Cytip
3391.48,5979.76,NA,37,Cyp19a1
3632.8,5755.52,NA,37,Trim10
3446.24,5898,NA,37,Gsdmcl-ps
3522.84,5880.04,NA,37,Htr2b
3465.36,5977.44,NA,37,Htr2b
3594.76,5925.96,NA,37,Cdhr2
3471.76,6022.16,NA,37,Fgfr4
3503.52,5864.64,NA,37,Il2rb
3473.8,5979.64,NA,37,Mroh2b
3494.16,5965.88,NA,37,Itga5
3530.24,5877.28,NA,37,Tmprss15
3606.52,5800,NA,37,Adam28
3329.6,5658.04,NA,37,Pla1a
3545.64,5893.16,NA,37,Fshr
3563.88,5943.72,NA,37,Gm2176
3498.24,5913,NA,37,Gm2176
3537.12,6030.96,NA,37,Mep1a
3459.08,6022.16,NA,37,Gpr152
3482.52,5887.32,NA,37,Gm16130
3499.88,5878.64,NA,37,Bpifb2
3410.92,5910.04,NA,37,Trim6
3314.6,5723.36,NA,37,Lif
3510.32,5881.92,NA,37,Apoa5
3519.48,5867.36,NA,37,Slc22a14
3516.6,5867.52,NA,37,Pmel
3421.48,5786.52,NA,37,Pmel
3390,5981.76,NA,37,Prps1l1
3303.52,5670.04,NA,37,Insm2
3526.68,5951,NA,37,Mmp25
3442.68,5921.64,NA,37,Epha1
3617.56,5815.24,NA,37,Dkk1
3299.8,5666.24,NA,37,Abca15
3461.88,5864.84,NA,37,Gpr141
3513.56,5860.92,NA,37,Mrgprg
3401.64,5635.32,NA,37,Trim55
3470.72,5974.8,NA,37,Nfe2
3479.4,5900.88,NA,37,Nfe2
3611.32,5813.24,NA,37,Dpys
3461.92,5944.56,NA,37,Dpys
3455.6,5970.32,NA,37,Fndc3c1
3437.84,5984.36,NA,37,Actl11
3435.24,5953.44,NA,37,Actl11
3513.4,5862.52,NA,37,Magix
3483.2,5944.08,NA,37,Pctp
3543.28,5899.32,NA,37,Rab44
3482.16,5920.44,NA,37,Crx
3605.36,5806.56,NA,37,Adam30
3432.8,5948.2,NA,37,Adam30
3310.72,5671.32,NA,37,Hao1
3484,5894.44,NA,37,Tfec
3612.88,5815.36,NA,37,Abcb7
3480.08,5981.88,NA,37,Abcc9
3483.36,5924.68,NA,37,Abcc9
3510.4,5943.96,NA,37,Abhd2
3552.64,6018.8,NA,37,Abhd2
3560.88,5844.76,NA,37,Abhd2
3344.12,5699.2,NA,37,Acbd5
3480.76,5865.88,NA,37,Acot6
3486.16,5871.32,NA,37,Acot6
3607.16,5873.68,NA,37,Acsbg1
3442.72,5943.08,NA,37,Acsbg1
3362.32,5655.76,NA,37,Acsm5
3515.52,5871.6,NA,37,Acsm5
3443.24,5905.36,NA,37,Adam11
3514,5994.68,NA,37,Adck5
3527.56,6003.28,NA,37,Add3
3480.04,5965.76,NA,37,Adh7
3328.08,5679.4,NA,37,Adh7
3546.92,5957.4,NA,37,Aggf1
3440.2,6020.68,NA,37,Agrn
3483.72,5987.96,NA,37,Agrn
3568.24,5935.6,NA,37,Ahcyl2
3490.52,5924.56,NA,37,Aifm3
3532.16,5934.64,NA,37,Ak4
3498.24,5923.4,NA,37,Aldh2
3609.92,5932.12,NA,37,Aldh2
3509.08,5888.56,NA,37,Alpl
3478.72,5871.92,NA,37,Als2cl
3563.92,5849.88,NA,37,Amer1
3442.08,6021.28,NA,37,Amfr
3525.44,5872.6,NA,37,Amfr
3499.84,5909.68,NA,37,Amotl2
3487.4,5983.4,NA,37,Angptl7
3333.96,5711.12,NA,37,Anks1
3551.52,6023.96,NA,37,Anks4b
3365.8,5666.36,NA,37,Ano10
3414.6,5881.88,NA,37,Apmap
3568.4,5840.76,NA,37,Apmap
3342.28,5692.48,NA,37,Apmap
3516.72,5682.96,NA,37,Appl2
3402.04,5636.2,NA,37,Appl2
3392.32,5870.04,NA,37,Arap1
3472.28,5931.24,NA,37,Arhgap1
3492.2,5925.04,NA,37,Arhgap23
3615.76,5821.68,NA,37,Arih1
3527.36,5859.52,NA,37,Arl5b
3484.44,5986.56,NA,37,Armc7
3386.52,5870.84,NA,37,Arntl
3444.56,6022.84,NA,37,Ascc2
3419.52,5879.96,NA,37,Asf1b
3346.84,6036.16,NA,37,Atp11a
3550.2,5885.12,NA,37,Atp4a
3554.48,6024.24,NA,37,B4galt5
3457,5966.2,NA,37,Barx2
3448.8,5908.56,NA,37,Bbs10
3465.44,5914.4,NA,37,Bcl7b
3476.12,5985.52,NA,37,Bcl7b
3538.36,5896.68,NA,37,Bod1l
3348.72,5713.8,NA,37,Brf2
3598.12,5942.08,NA,37,Bsdc1
3366.92,5689.6,NA,37,Btbd17
3590.52,5953.68,NA,37,Btn1a1
3431.88,5979.16,NA,37,Bub1
3490.76,6013.76,NA,37,Bub1b
3344.96,5700.92,NA,37,C030029h02rik
3483.12,5962.8,NA,37,Cacna1e
3612.68,5813.68,NA,37,Camsap3
3454.6,5894.76,NA,37,Capn13
3531.64,6005.52,NA,37,Capn15
3562.24,5952.56,NA,37,Ccdc65
3551.36,6026.84,NA,37,Ccdc88b
3491,6244.56,NA,45,Ccdc92
3574.24,5938.76,NA,37,Ccdc97
3641.56,5751.48,NA,37,Cchcr1
3334.64,5701.96,NA,37,Cd28
3481.2,5892.44,NA,37,Cd300ld
3475.48,5967,NA,37,Cd83
3322,5735.64,NA,37,Cdh22
3448.84,6010.16,NA,37,Cebpz
3532.72,6008.52,NA,37,Celsr3
3515.84,6008.76,NA,37,Cenpf
3594.88,5946.08,NA,37,Cep170b
3611.36,5801.52,NA,37,Cept1
3379.04,5870.72,NA,37,Cgn
3332.44,5738.32,NA,37,Cgn
3435.56,5986.32,NA,37,Chek1
3417.12,5890.64,NA,37,Chek1
3452.48,5907.56,NA,37,Chodl
3471.96,5977.04,NA,37,Chrnd
3440.16,5877.96,NA,37,Chst2
3616.24,5818.4,NA,37,Ciapin1
3458.32,5958.8,NA,37,Clcf1
3318.44,5677.88,NA,37,Clcn2
3636.08,5748.84,NA,37,Clcn6
3563.68,5851.48,NA,37,Cldn4
3434.52,5982.72,NA,37,Cldn9
3359.72,5656.92,NA,37,Clec16a
3613.44,5815.76,NA,37,Clec4f
3510.16,5966.68,NA,37,Cmya5
3475.08,5970.6,NA,37,Cnga3
3453.48,5694.04,NA,37,Cnp
3516.48,5878,NA,37,Cnpy1
3432.68,5980.64,NA,37,Cnpy3
3610.8,5804.44,NA,37,Cog8
3447.12,5887,NA,37,Col5a2
3406.68,5916,NA,37,Copb2
3553.56,5927.84,NA,37,Cops4
3463.12,5942.84,NA,37,Cops4
3321.36,5755.16,NA,37,Cpt2
3384.4,5857.04,NA,37,Cr2
3345.6,5721.96,NA,37,Crb2
3509.28,5969.8,NA,37,Crb2
3307.64,5656.44,NA,37,Crkl
3491.36,6025.28,NA,37,Cs
3456.88,6005.92,NA,37,Csk
3495.36,5916.32,NA,37,Csk
3556.2,5966.44,NA,37,Csnk1d
3619.04,5695.76,NA,37,Ctif
3432.88,5981.48,NA,37,Ctif
3488.32,5976,NA,37,Ctsd
3474,5863.96,NA,37,Ctsf
3480.2,5903.72,NA,37,Cwc25
3412.2,5636.36,NA,37,Cyb5r1
3361.8,5693.08,NA,37,Cyp2f2
3575.76,6007.08,NA,37,Cyp39a1
3338.32,5701.4,NA,37,Cyp4v3
3462.88,5987.4,NA,37,Cysltr1
3553.76,5885.8,NA,37,Dcakd
3364.28,5668.68,NA,37,Ddx42
3415.28,5892.68,NA,37,Ddx54
3474.28,5991.32,NA,37,Deaf1
3393.8,5862.08,NA,37,Dennd5b
3560.36,5965.24,NA,37,Dhodh
3330.76,5732.32,NA,37,Dhx9
3368.96,5693.64,NA,37,Dio1
3594.64,5947.48,NA,37,Dio1
3341.88,5685.68,NA,37,Dirc2
3492.64,5922.16,NA,37,Dlgap3
3350.8,5703.32,NA,37,Dll3
3489.52,5890.24,NA,37,Dmrta1
3461.4,5968.92,NA,37,Dmrta1
3469.96,5947.88,NA,37,Dmrtb1
3615.68,5647.88,NA,37,Dnah2
3422.88,5888.32,NA,37,Dnajb12
3473.24,5990.32,NA,37,Dsg4
3462.44,5945.08,NA,37,Dtx3
3610.64,5816.24,NA,37,Dtx3
3468,5936.8,NA,37,Dus3l
3547.88,6025.32,NA,37,Dusp14
3547.76,5957.56,NA,37,Dusp18
3464.48,5947.88,NA,37,Dysf
3526.8,5877.68,NA,37,Ednra
3437.16,6033.32,NA,37,Efcab14
3336.52,5786.12,NA,37,Efna2
3456.04,5964.96,NA,37,Efna2
3483.16,5890.12,NA,37,Eftud2
3556.08,5944.68,NA,37,Eif2s3x
3591.56,5952.64,NA,37,Eif3l
3473.72,5942.24,NA,37,Eif4h
3512.52,5870.52,NA,37,Elovl4
3496.64,5902.16,NA,37,Eme2
3321.2,5738.52,NA,37,Enpp4
3381.36,5870.4,NA,37,Eps15l1
3524.64,6012.16,NA,37,Eps8l2
3328.36,5783.04,NA,37,Erbb3
3596.48,5946.08,NA,37,Ercc5
3446.28,5928.48,NA,37,Erlin1
3613.32,5816.24,NA,37,Esrrb
3610.92,5813.64,NA,37,Ets1
3561.4,5846.8,NA,37,Evpl
3441.76,5944.28,NA,37,Exoc8
3523.96,6018.36,NA,37,Eya2
3339.48,5726.64,NA,37,Ezr
3634,5751.64,NA,37,Ezr
3721.16,5670.72,NA,37,Ezr
3332.6,5705.72,NA,37,Ezr
3335.84,5786.24,NA,37,Fam126b
3613.24,5821.16,NA,37,Fam126b
3456.72,5947.88,NA,37,Fam129a
3394.68,5871.52,NA,37,Fam160a2
3447.68,5943.16,NA,37,Fam20c
3612.64,5645.84,NA,37,Fam20c
3440,5905,NA,37,Fancm
3439.36,5940.52,NA,37,Farp2
3335.28,5650.6,NA,37,Fblim1
3461.12,5959.04,NA,37,Fbxl19
3487.48,5957.08,NA,37,Fbxl19
3524.84,5894.32,NA,37,Fbxo10
3418.44,5990.68,NA,37,Fbxo21
3455.04,6004.4,NA,37,Fbxw4
3472.96,5969.68,NA,37,Ffar2
3510.16,5972.8,NA,37,Fgfr3
3479.96,5977.04,NA,37,Fgfr3
3407,5640.2,NA,37,Filip1
3508,5873.12,NA,37,Filip1l
3477,5920.68,NA,37,Flna
3535.12,6025.52,NA,37,Flt1
3527.72,5894.08,NA,37,Fn3krp
3578.4,5936.36,NA,37,Fntb
3464.12,5975.44,NA,37,Foxo4
3440.96,6025.04,NA,37,Fsd2
3456.84,5965.84,NA,37,Fzd8
3461.36,5984.68,NA,37,G630093k05rik
3423.72,5881.28,NA,37,Gabrr2
3514.92,5946.52,NA,37,Ganc
3362.36,5656.48,NA,37,Ganc
3457.56,5949.28,NA,37,Gba
3337.28,5722.76,NA,37,Gcm2
3492.8,5916.72,NA,37,Gcnt1
3452.96,5961.16,NA,37,Gdf11
3513.44,5949.36,NA,37,Gja5
3340.92,5716.24,NA,37,Gjd2
3421.56,5985.56,NA,37,Glb1
3462.8,5977.04,NA,37,Gm2762
3494,5989.24,NA,37,Gm4371
3392.48,5865.68,NA,37,Gm4961
3526.84,5896.6,NA,37,Gm5069
3509.4,5881.72,NA,37,Gnai3
3522.96,5968.72,NA,37,Gnat1
3442.56,5912.76,NA,37,Gnpat
3364.6,5660.92,NA,37,Gpc6
3465.6,5991.72,NA,37,Gper1
3326.44,5659.32,NA,37,Gpr135
3409.4,5892.68,NA,37,Gprc5b
3550.12,6029.92,NA,37,Grem1
3504.36,5918.64,NA,37,Grik3
3647.56,5747.2,NA,37,Grsf1
3515.6,5876.76,NA,37,Gtdc1
3483.12,5925.96,NA,37,Has2
3613.88,5816.88,NA,37,Helz
3365.8,5691.92,NA,37,Hhipl1
3526.24,6012.68,NA,37,Hmbox1
3479.2,5989.4,NA,37,Hmbox1
3487,5889.48,NA,37,Hmgxb3
3497.84,5931.84,NA,37,Hnrnpf
3487,5963.64,NA,37,Hnrnpf
3478.92,5888,NA,37,Hoxa1
3355.96,5659.32,NA,37,Hs3st2
3723.04,5668.84,NA,37,Hs3st5
3530.2,5975.76,NA,37,Hspa12b
3563.32,5957.2,NA,37,Hspb8
3416.44,5911.84,NA,37,Htr7
3469.88,5905.32,NA,37,Ide
3332.56,5737,NA,37,Igfn1
3562.52,5929.88,NA,37,Igsf9
3420.16,5883.84,NA,37,Il1rn
3470.4,5907.28,NA,37,Inf2
3549.8,5942.28,NA,37,Inf2
3545.6,6024.96,NA,37,Ing1
3515.52,6019.4,NA,37,Inpp5k
3458.44,5965.52,NA,37,Inpp5k
3480.12,5966.12,NA,37,Inppl1
3417.24,5890.16,NA,37,Ints4
3479.56,5871.6,NA,37,Ism1
3530.32,6011.44,NA,37,Jrk
3326.52,5675.04,NA,37,Kank3
3579.12,6002.48,NA,37,Kank3
3553.28,5882.04,NA,37,Kansl1
3342.64,5651.2,NA,37,Kansl2
3521.16,5870.16,NA,37,Kcna10
3576.68,5949.92,NA,37,Kcnk1
3514.76,5947.68,NA,37,Kctd20
3560.64,5929.16,NA,37,Khsrp
3481.92,6003.88,NA,37,Khsrp
3334.32,5785.24,NA,37,Kidins220
3328.48,5712.92,NA,37,Kif6
3564.36,5999.76,NA,37,Kifc3
3534.96,5865.56,NA,37,Kifc3
3398.8,5866.96,NA,37,Klhl5
3455.52,5896.4,NA,37,Klhl5
3472.84,5875.44,NA,37,Klrk1
3421.68,5886.16,NA,37,Kremen1
3465.72,6028.32,NA,37,Krt2
3345.04,5699.44,NA,37,Krt71
3343.48,5750.36,NA,37,Krt76
3510,5875.6,NA,37,Krt82
3527.76,5908.28,NA,37,Lag3
3387.84,5871.88,NA,37,Lama2
3456.72,5898.92,NA,37,Lama4
3478.44,5878.44,NA,37,Lcat
3574.32,5916.16,NA,37,Lcat
3524.2,5904.44,NA,37,Lcat
3559.52,5928.6,NA,37,Ldlrap1
3538.44,5954.92,NA,37,Leng1
3309.44,5679.12,NA,37,Leng1
3641.36,5656.16,NA,37,Leng1
3531.08,5960.56,NA,37,Leng1
3617.48,5647.68,NA,37,Leng8
3641.16,5653.8,NA,37,Leng8
3557.2,5958.44,NA,37,Lgals3bp
3616.96,5818.84,NA,37,Lgalsl
3502.2,5906.4,NA,37,Lgalsl
3488.96,5989.48,NA,37,Lgr5
3436.6,5980.16,NA,37,Lhx6
3446.4,5865.24,NA,37,Lifr
3614.84,5706.8,NA,37,Lime1
3719.52,5654.44,NA,37,Lmtk3
3342.16,5690.16,NA,37,Lmtk3
3568.16,5941.92,NA,37,Lpcat2b
3341.84,5686.44,NA,37,Lrch2
3359.2,5662.64,NA,37,Lrp12
3416.76,5908.04,NA,37,Lrp5
3491.48,5974.92,NA,37,Lrrc15
3617.44,5818.64,NA,37,Lrrc25
3521.88,6007.84,NA,37,Lrrk1
3520.4,5882.08,NA,37,Ltn1
3608.52,5834,NA,37,Maged2
3572.76,6007.52,NA,37,Man2c1
3435.6,5983.48,NA,37,Map3k6
3536.04,5954.56,NA,37,Map7d1
3515.52,6007.16,NA,37,Mark3
3538.4,6008.12,NA,37,Mbtd1
3462,5905.16,NA,37,Mbtps2
3455.04,5910.44,NA,37,Mbtps2
3441.12,6023.84,NA,37,Mcf2l
3477.56,5873.04,NA,37,Mcm3
3417.92,5908.2,NA,37,Mdga1
3596.36,5945.04,NA,37,Med14
3354,5655.76,NA,37,Med22
3312.56,5700.04,NA,37,Med25
3444.32,5911.76,NA,37,Med8
3437.28,6022.72,NA,37,Meis3
3453.64,5889.84,NA,37,Mettl3
3427.92,6024.96,NA,37,Mfsd2a
3583.8,5995.64,NA,37,Mfsd2a
3513.52,5989.4,NA,37,Mfsd2a
3518.8,5863.8,NA,37,Mfsd2a
3511.08,5952.92,NA,37,Mib1
3453.76,6007.84,NA,37,Micall1
3460.96,5959.96,NA,37,Mmd2
3633.68,5755.68,NA,37,Mnt
3586.28,5976.76,NA,37,Mon2
3513.48,5949.76,NA,37,Morc3
3323.56,5682.44,NA,37,Mroh4
3342.48,5748.24,NA,37,Msl3
3519.64,5870.36,NA,37,Msl3
3457.76,5873.8,NA,37,Mtdh
3485.4,5922.2,NA,37,Mtor
3481.64,5906.12,NA,37,Mtrf1l
3456.12,5971.92,NA,37,Myo9b
3327.84,5662.96,NA,37,Mypop
3613.36,5819.92,NA,37,N4bp2l1
3365.92,5684.6,NA,37,Naa11
3456.36,5960.6,NA,37,Nadk
3612.84,5647.44,NA,37,Nagpa
3548.36,6026.32,NA,37,Narf
3636.36,5754.44,NA,37,Nat8l
3608.04,5867.36,NA,37,Ndp
3509.4,5993.64,NA,37,Nek9
3787.88,5640.92,NA,37,Nfkbia
3547.48,5937.8,NA,37,Nfkbia
3750.24,5691.6,NA,37,Nfkbia
3461.72,5871.96,NA,37,Nhlh2
3474.68,5967.12,NA,37,Nhlrc2
3445.52,5946.72,NA,37,Nhlrc2
3641.08,5753,NA,37,Nlrc4
3440,5987.08,NA,37,Nmrk2
3551.12,6023.48,NA,37,Nobox
3361.32,5648.84,NA,37,Npas2
3405.52,5633.08,NA,37,Npas3
3484.12,5917.96,NA,37,Nphs2
3447.92,5944.88,NA,37,Nprl3
3610.48,5817.56,NA,37,Npy1r
3300.48,5667.8,NA,37,Nr1h2
3419.76,5882.6,NA,37,Nsun7
3482,5986.52,NA,37,Nsun7
3635.96,5752.76,NA,37,Nt5e
3458.8,5954.36,NA,37,Nub1
3513.28,5945.68,NA,37,Nub1
3548.88,6024.64,NA,37,Nufip2
3335.04,5783.84,NA,37,Nxpe2
3533.44,6000.96,NA,37,Nxpe3
3438.84,5968.76,NA,37,Oaz2
3433.2,5976.4,NA,37,Olfm4
3490.68,5905.72,NA,37,Osbpl2
3456,5980.4,NA,37,P2rx6
3497.2,5905.08,NA,37,P2ry12
3343.84,5721.2,NA,37,Pacsin3
3336.44,5680.56,NA,37,Pacsin3
3725,5668.88,NA,37,Pappa
3466.04,5992.76,NA,37,Patl1
3407.16,5633.8,NA,37,Pcbp1
3536.36,6004.96,NA,37,Pcbp1
3500,5870.28,NA,37,Pcmtd1
3614,5651.04,NA,37,Pcx
3445.68,6025.72,NA,37,Pcx
3616.32,5814.72,NA,37,Pde1c
3485.68,5908,NA,37,Pdgfrb
3610.24,5811.16,NA,37,Pdgfrb
3498.76,5874.32,NA,37,Pdpn
3425.24,5883.24,NA,37,Pex12
3555.28,5957.92,NA,37,Pex5
3584.76,5845.48,NA,37,Pfkm
3512.68,6026.64,NA,37,Pfkm
3513.92,5944.32,NA,37,Pfkm
3331.72,5733.84,NA,37,Pgbd1
3525.84,5861.24,NA,37,Phf11d
3293.8,5677,NA,37,Phf2
3460.44,5954.24,NA,37,Phf2
3512.8,5956.16,NA,37,Phldb1
3443.96,5875,NA,37,Phldb1
3511.44,5919.24,NA,37,Phyhip
3522.92,6010.28,NA,37,Picalm
3516.88,5946.56,NA,37,Picalm
3457.52,5902.44,NA,37,Pick1
3433.12,5748.32,NA,37,Pigs
3504.84,6018.36,NA,37,Pigs
3478.36,5919.8,NA,37,Pigs
3294.88,5677.84,NA,37,Pigw
3380.28,5871.48,NA,37,Pigw
3332.8,5677.72,NA,37,Pik3r1
3331.04,5652.6,NA,37,Pkd1l3
3421.04,5885.84,NA,37,Pknox2
3526.88,5859.6,NA,37,Pknox2
3469.64,5951.64,NA,37,Pkp3
3614.84,5648.12,NA,37,Pla2g5
3444.64,5879.44,NA,37,Plcl2
3529.84,5975.08,NA,37,Plekhh2
3407.48,5639.4,NA,37,Plxnb2
3533.72,6004.92,NA,37,Podxl
3546.96,5953.96,NA,37,Pold3
3496.68,5946.8,NA,37,Polrmt
3553.24,5959.96,NA,37,Polrmt
3320.88,5663.6,NA,37,Pou3f4
3479.56,5974.12,NA,37,Ppm1f
3460.6,5963.16,NA,37,Ppox
3505.64,5923.4,NA,37,Ppp2r5d
3516.44,5873.72,NA,37,Pprc1
3484.48,6013.8,NA,37,Prdm4
3315.6,5686,NA,37,Prdm8
3496.4,5944.72,NA,37,Prkacb
3516,5872.84,NA,37,Prkg1
3685.56,5664.72,NA,37,Prodh
3471.92,5706.56,NA,37,Prodh
3452.6,5912.84,NA,37,Proser2
3361.08,5688.56,NA,37,Prrc2a
3459.8,5984.04,NA,37,Prrg3
3512.88,6023.64,NA,37,Psd2
3537.48,5969.96,NA,37,Ptdss2
3477.64,5949.2,NA,37,Ptpra
3547.88,5958.96,NA,37,Ptprb
3527.68,5865.44,NA,37,Ptprg
3509.88,5974.48,NA,37,Ptx3
3515,5995.52,NA,37,Rab37
3615.92,5646.92,NA,37,Rab43
3474.8,5954.08,NA,37,Rab7
3362.44,5673.24,NA,37,Rab8a
3514.64,5951.48,NA,37,Rad18
3433.04,5982.24,NA,37,Rbbp4
3324.44,5741.28,NA,37,Rbbp7
3465.36,5955.64,NA,37,Rbm26
3387.12,5980.8,NA,37,Rcan2
3338.08,5785.44,NA,37,Rcan2
3511.28,5742.6,NA,37,Rdh13
3429.04,5980.52,NA,37,Rela
3539.96,5879.2,NA,37,Rhob
3578.84,5930.44,NA,37,Rhob
3580.24,5939.52,NA,37,Rhob
3518.92,5875.44,NA,37,Rimklb
3524.16,6010.96,NA,37,Rin3
3539.52,5954.92,NA,37,Ripk1
3364.56,5670.2,NA,37,Rnf146
3503.68,5874.12,NA,37,Rnf146
3523.92,5867.6,NA,37,Rnf167
3342.88,6039.88,NA,37,Rnf167
3487.24,5969.4,NA,37,Rnf167
3615.2,5815.24,NA,37,Rnf169
3453.08,5943.68,NA,37,Rnf185
3433.72,5891.32,NA,37,Robo4
3457.96,5963.24,NA,37,Rps6ka4
3442.16,5938.4,NA,37,Rrs1
3450.48,6003.76,NA,37,Rsad2
3608.36,5809.52,NA,37,Rsad2
3459.4,5866.4,NA,37,Sall3
3402.88,5633.76,NA,37,Sec14l4
3456.24,5968.04,NA,37,Sephs1
3608.2,5810.76,NA,37,Sesn1
3520.04,5869.52,NA,37,Sfrp1
3560.76,5967.48,NA,37,Sfswap
3561.32,5951.6,NA,37,She
3457.16,5964.88,NA,37,Shmt2
3448.24,6006.28,NA,37,Shroom4
3384.64,5873.32,NA,37,Sil1
3356.08,6003.36,NA,37,Sirt2
3560.2,5951.6,NA,37,Skida1
3722.68,5672.36,NA,37,Slc10a6
3480.72,5871.64,NA,37,Slc12a4
3474.28,5964.52,NA,37,Slc13a5
3410.04,5919.52,NA,37,Slc13a5
3493.24,5872.24,NA,37,Slc15a5
3421.28,5881.8,NA,37,Slc16a1
3522.24,5875.72,NA,37,Slc17a9
3472.84,5872.68,NA,37,Slc22a19
3551.72,5998.92,NA,37,Slc2a1
3448.6,6007.08,NA,37,Slc2a1
3411,5918.48,NA,37,Slc30a7
3493.6,5875.36,NA,37,Slc35f2
3547.88,6025.24,NA,37,Slc39a11
3383.68,5684.8,NA,37,Slc39a12
3426.24,5987,NA,37,Slc39a5
3461.12,5965.12,NA,37,Slc41a2
3369.72,5999.04,NA,37,Slc6a11
3722.04,5655.16,NA,37,Slc6a4
3544.96,5954.12,NA,37,Slc9a8
3503.72,5877.32,NA,37,Slco4a1
3608.44,5807.28,NA,37,Slx1b
3447.28,6010,NA,37,Smarcb1
3391.56,5869.32,NA,37,Smarce1
3481.88,5896.12,NA,37,Smim7
3495.76,5902,NA,37,Sms
3488.44,5994.16,NA,37,Sms
3612.08,5800.52,NA,37,Smug1
3383.8,5868.68,NA,37,Snx13
3642.84,5752.2,NA,37,Sox13
3550.6,5953.48,NA,37,Sox21
3582.28,5951.64,NA,37,Sox21
3552.56,5803.32,NA,37,Sox9
3502.16,5914.04,NA,37,Sox9
3420.88,6001.76,NA,37,Spry1
3498.84,5943.76,NA,37,Spsb4
3360.48,5659.68,NA,37,Srd5a3
3467.64,5928.16,NA,37,Ssh3
3491.56,5972.76,NA,37,Stat6
3429.52,5977.88,NA,37,Steap3
3511.52,6004.84,NA,37,Stt3b
3342,5786.16,NA,37,Sult4a1
3439.04,5974.8,NA,37,Swap70
3449.04,5917.8,NA,37,Syde2
3411.88,5634.88,NA,37,Syndig1
3509.84,5876.28,NA,37,Synm
3569.92,5833.12,NA,37,Syvn1
3319.44,5666.36,NA,37,Tab3
3322.36,5634.48,NA,37,Tbc1d10b
3469.04,6003.36,NA,37,Tbc1d10b
3385.32,5865.68,NA,37,Tctn2
3421.24,5887.28,NA,37,Tdrkh
3520.2,6042.96,NA,37,Tdrp
3475.56,6003,NA,37,Terf2ip
3484.6,5979.84,NA,37,Tfe3
3605.72,5804.76,NA,37,Tgfb3
3343.44,5686.72,NA,37,Thop1
3522.24,5873.8,NA,37,Thsd1
3612.24,5819.52,NA,37,Tiam2
3366.64,5657.8,NA,37,Tirap
3502.28,5925.48,NA,37,Tmem108
3726.56,5658.68,NA,37,Tmem135
3344.16,5751.36,NA,37,Tmem167b
3464.72,5983.32,NA,37,Tmem214
3484.92,5987.48,NA,37,Tmem214
3413.64,5644.28,NA,37,Tmem222
3698.72,5638.88,NA,37,Tmem259
3723,5669.44,NA,37,Tmem259
3389.12,5874.92,NA,37,Tmem50b
3560.52,5960.28,NA,37,Tmem92
3470.92,5974.4,NA,37,Tmtc2
3462.96,5973.84,NA,37,Tns1
3445.08,5933.28,NA,37,Tns1
3465.92,5950.16,NA,37,Tns1
3484.68,5966.92,NA,37,Tomm40
3420.88,5908.4,NA,37,Topaz1
3475.16,5895.68,NA,37,Tpk1
3497.68,5905.24,NA,37,Traf1
3515.32,5872.04,NA,37,Traf5
3384.04,5855.4,NA,37,Trerf1
3434.2,5988.08,NA,37,Trim28
3326.16,5677.64,NA,37,Trim9
3490.4,5908.64,NA,37,Trpm8
3383.2,5854.36,NA,37,Trub1
3482.76,5924.88,NA,37,Tspan5
3331.2,5680.6,NA,37,Tssc1
3412.52,5894.6,NA,37,Ttc8
3490.64,5924.16,NA,37,Ttl
3671.4,5768.12,NA,37,Ttyh1
3467.96,5880.28,NA,37,Ttyh1
3615.8,5815.4,NA,37,Txndc5
3615.04,5646.76,NA,37,Tyk2
3559.08,5945.36,NA,37,Uba2
3604.68,5815.08,NA,37,Ube3b
3330.08,5653.64,NA,37,Ubiad1
3477.92,5865.52,NA,37,Ubqln3
3499.64,5868.64,NA,37,Ugdh
3428.84,5796.96,NA,37,Uqcrc1
3551.28,5975,NA,37,Usf1
3399.96,5894.4,NA,37,Uso1
3431.52,5985.72,NA,37,Usp18
3528.44,5862.88,NA,37,Usp22
3419.24,5910.48,NA,37,Uvssa
3503.68,5926.8,NA,37,Vasp
3497.8,5914,NA,37,Vav2
3500.72,5944.12,NA,37,Vegfa
3679.28,5677.92,NA,37,Vipas39
3334.12,5778.2,NA,37,Vmac
3614.28,5821.32,NA,37,Vps13c
3494.52,5876.96,NA,37,Vps26a
3446.52,5888.04,NA,37,Vps37a
3578.08,5663.32,NA,37,Wasf3
3405,5632.48,NA,37,Wasf3
3483,5906.96,NA,37,Wdfy3
3548.52,5993.12,NA,37,Whamm
3578.2,6003.56,NA,37,Wipi2
3654.52,5658.76,NA,37,Wnk2
3453.56,5964.36,NA,37,Wnt2
3454.04,5959.28,NA,37,Xrra1
3614.92,5648.52,NA,37,Zbtb45
3616.88,5643.12,NA,37,Zc3h13
3479.52,5974.16,NA,37,Zc3hc1
3446.72,5994.96,NA,37,Zfand3
3418.04,5889.08,NA,37,Zfp111
3450.8,5869.08,NA,37,Zfp112
3332.64,5665.96,NA,37,Zfp263
3788.4,5643.4,NA,37,Zfp36l1
3488.16,5914.64,NA,37,Zfp418
3482.92,5987.6,NA,37,Zfp423
3339.32,5647.04,NA,37,Zfp423
3513.44,5896.12,NA,37,Zic2
3488.12,5979.52,NA,37,Zim1
